10
50 4 29
25 18
8 49
3 26
35 20
41 5
8 1
15 43
7 11
44 11
12 22
8 42
30 4
28 36
2 43
27 23
37 5
15 50
20 42
11 36
34 8
31 22
17 28
21 15
6 5
15 29
1 34
42 14
18 42
8 30
50 4 4
24 14
45 41
44 6
50 10
50 12 22
29 44
21 29
18 7
10 6
13 48
24 8
20 24
20 25
20 11
5 3
30 46
42 41
12 40
44 31
10 26
3 13
11 49
23 31
17 45
12 48
13 37
13 18
50 5 0
50 21 102
27 19
32 3
46 25
47 3
6 42
21 35
29 22
16 28
8 42
9 11
47 10
9 49
48 16
12 44
37 27
32 15
48 44
11 12
50 45
19 28
12 14
10 1
28 30
47 46
5 10
5 26
14 27
21 16
9 8
16 9
18 15
12 31
40 48
42 32
33 17
31 16
13 37
46 12
36 27
40 18
2 41
2 45
34 2
9 42
43 5
11 5
1 6
44 27
34 3
36 2
47 4
7 5
4 42
7 4
25 44
39 19
28 14
6 22
32 28
8 19
31 47
15 1
8 34
33 37
14 24
37 12
6 33
20 8
17 41
46 45
7 14
39 22
42 45
8 38
13 30
13 18
38 26
31 9
21 44
31 19
17 44
10 18
19 13
33 47
13 35
14 30
24 31
41 19
45 17
35 16
8 41
30 11
2 35
7 17
20 16
44 43
13 49
24 50
48 8
6 36
20 43
17 24
50 7 5
7 1
5 15
38 24
34 39
42 47
50 41 22
32 29
3 38
9 29
23 3
30 45
39 7
38 43
42 47
30 5
5 23
32 30
48 19
11 32
7 46
12 29
48 40
47 15
28 23
5 49
46 5
4 18
16 28
50 3 27
46 39
43 8
20 12
22 20
14 20
46 30
21 20
12 38
13 24
6 45
44 32
18 20
19 6
3 50
40 2
23 16
50 15
30 15
27 42
2 39
23 1
46 37
25 12
1 13
10 8
42 1
28 32
50 27 8
13 15
43 49
43 34
31 17
6 4
28 37
26 36
1 49
50 3 7
48 10
9 13
22 3
19 22
41 38
13 18
23 14