2
34
7 14 24 18 2 28 26 6
13 1 14 18 22 16 28 26 34 10 12 20 32 6
16 24 28 14 32 4 1 34 22 26 2 6 20 18 10 8 12
12 24 14 20 6 18 32 8 16 26 2 1 34
9 32 1 26 12 34 8 16 4 6
9 32 26 8 22 1 20 18 2 30
16 12 26 32 8 4 30 20 34 28 14 6 22 10 2 18 24
1 35
13 32 4 8 14 24 16 28 2 6 34 18 22 26
11 1 32 20 22 18 28 26 14 16 12 34
14 14 10 4 12 28 30 16 18 6 32 2 20 26 22
12 26 4 10 2 24 16 6 20 28 32 34 8
12 16 4 18 20 8 22 1 26 32 28 24 34
1 16
14 8 26 6 28 4 34 16 2 18 10 24 20 22 12
15 6 8 2 26 10 30 20 32 12 34 28 18 14 1 4
13 20 28 32 12 24 30 16 6 4 18 1 8 14
0
11 34 24 32 26 6 2 28 1 16 20 10
11 8 16 12 26 22 14 6 18 4 34 32
6 24 1 28 22 32 14
2 4 6
5 30 32 8 12 2
13 4 8 20 32 12 26 28 34 2 22 10 16 18
15 24 30 16 34 4 22 18 6 26 32 10 2 28 1 12
12 1 12 14 24 4 10 2 34 18 6 22 8
1 8
10 8 34 32 10 22 14 6 30 1 20
2 1 14
12 1 22 12 18 6 34 4 10 32 28 16 20
3 1 30 24
16 2 14 12 30 20 24 1 6 22 16 18 8 10 26 34 4
10 12 16 20 6 1 26 34 24 18 14
1 6
4 12 28 24 2
0.016 0.0394 0.0498 0.0601 0.0244 0.0178 0.0197 0.0347 0.031 0.000939 0.0235 0.0291 0.0319 0.0188 0.0347 0.0103 0.031 0.0563 0.0573 0.0113 0.0573 0.0188 0.0385 0.0113 0.0178 0.0573 0.0141 0.026261 0.0131 0.0329 0.0235 0.0131 0.0329 0.0451
226
86 154 208 170 200 78 14 58 122 84 62 22 226 60 212 132 156 34 112 66 80 116 190 178 144 142 38 10 184 176 98 224 8 152 16 6 148 202 134 198 188 74 4 196 162 106 126 88 218 50 216 18 136 40 130 82 192 76 146 222 220 180 44 108 104 168 120 150 96 110 174 94 32 204 90 114 54 206 128 100 12 36 86 166 138 56 160
97 78 82 218 92 46 102 192 66 138 182 146 188 170 122 30 222 44 110 54 18 8 52 206 60 70 132 26 4 190 76 90 16 164 112 136 88 150 128 98 1 96 142 84 214 154 212 134 108 226 152 216 156 208 72 22 36 204 220 196 116 32 106 80 86 64 24 20 160 144 14 176 28 178 100 74 198 202 62 162 40 114 148 186 56 200 6 120 180 12 174 194 118 94 140 126 68 166
65 140 18 148 126 146 190 204 96 14 176 130 26 198 2 62 114 158 122 156 28 186 150 108 48 202 76 68 58 72 30 66 170 214 92 22 104 194 90 206 134 128 118 172 144 44 210 116 226 84 196 224 180 24 82 64 212 12 86 54 60 56 152 1 102 110
84 28 96 126 128 140 224 174 26 62 106 144 130 118 84 168 42 122 114 148 112 108 154 226 194 164 160 104 110 158 38 24 72 90 220 152 34 66 214 48 92 218 212 206 58 150 22 46 166 196 1 142 60 54 6 200 80 70 10 40 188 124 222 134 116 2 98 192 82 52 18 170 146 100 208 88 184 74 30 76 202 14 8 172 102
83 82 40 140 218 18 164 204 104 188 184 166 10 50 196 36 112 70 16 32 62 1 144 84 212 200 100 74 52 158 170 118 26 80 180 42 174 172 96 216 132 72 168 192 92 102 98 22 108 214 4 130 182 66 146 64 60 6 128 54 210 86 178 224 110 136 186 78 142 206 106 122 44 58 124 134 120 198 160 116 88 156 150 12
12 62 26 168 10 98 34 90 190 186 122 88 72
70 62 208 88 24 160 38 102 140 164 100 72 96 186 106 8 60 74 64 34 28 120 130 196 162 90 54 198 50 42 12 4 26 86 134 220 184 210 148 172 66 226 156 6 138 144 104 92 152 32 76 180 112 216 222 188 190 114 78 178 10 166 18 202 70 20 142 48 56 170 16
40 192 18 112 106 226 118 80 134 174 40 104 182 74 56 172 50 200 68 180 30 110 82 52 114 198 130 204 86 176 188 16 70 158 26 116 92 150 132 54 222
55 154 168 150 128 48 192 124 102 136 220 158 148 156 92 54 104 172 204 32 100 14 82 84 226 1 38 88 10 118 6 120 8 164 194 130 198 152 200 190 30 18 170 122 16 22 144 138 112 188 180 76 116 26 12 66
73 168 194 150 66 112 70 114 212 152 198 118 68 222 92 18 1 14 192 188 160 46 22 90 140 12 30 74 164 104 180 172 136 200 130 224 82 52 124 6 122 94 158 226 138 64 144 132 84 102 110 196 48 34 128 156 174 142 78 24 162 28 208 98 50 40 166 120 4 148 134 36 2 154
93 82 78 112 56 160 30 182 100 16 174 94 120 12 46 192 150 172 28 38 222 86 168 1 198 204 190 158 142 108 106 200 186 208 146 24 156 64 20 96 214 170 80 210 36 104 122 220 70 130 116 144 58 118 62 164 102 60 18 84 134 202 74 68 76 188 206 26 154 216 98 54 14 44 8 212 40 32 194 184 42 88 52 140 4 218 176 132 90 50 22 148 128 224
30 100 146 4 48 140 212 46 54 102 112 188 1 96 88 2 76 22 86 56 210 106 66 172 174 98 118 148 24 92 14
56 114 46 212 130 194 188 28 94 176 226 150 1 170 50 52 96 98 32 38 34 78 70 42 58 204 6 152 22 196 210 144 74 104 14 134 30 138 20 4 172 102 186 2 126 26 12 10 200 202 36 182 84 156 86 148 158
98 126 58 148 24 130 192 26 98 220 102 96 142 162 44 164 4 108 66 38 202 18 212 182 178 110 210 48 36 88 132 174 122 168 104 218 116 184 6 144 92 118 60 22 86 166 180 62 70 146 30 222 136 106 140 10 124 198 64 154 32 196 56 78 214 128 76 34 208 216 90 194 190 84 156 112 152 170 186 100 188 68 50 160 20 46 120 172 114 150 40 12 54 74 1 134 206 16 94
9 204 126 172 66 112 212 227 110 98
61 140 6 18 118 36 214 52 170 222 216 30 54 146 108 34 4 160 80 208 74 132 38 76 106 200 126 134 48 148 174 94 124 8 10 22 12 202 152 212 114 172 206 78 218 112 86 24 120 90 190 176 100 50 144 102 164 60 26 162 186 154
81 78 54 170 176 74 66 222 120 48 178 128 100 226 160 200 150 204 44 40 184 188 22 36 2 84 134 152 130 116 194 82 212 142 192 42 154 6 124 122 8 118 60 172 94 98 72 34 202 92 18 96 106 174 58 198 16 168 90 132 220 26 4 182 158 56 208 52 80 24 180 14 12 144 196 108 126 162 86 76 102 166
90 188 150 194 98 78 122 136 128 112 60 42 106 6 46 224 138 50 154 114 226 190 68 90 104 180 204 44 158 28 116 172 174 56 48 54 96 66 176 26 88 76 84 170 168 198 62 22 160 30 184 152 14 10 8 72 92 124 16 58 166 36 110 34 82 146 52 214 126 74 142 210 132 24 4 86 208 108 212 32 64 144 102 218 2 148 192 140 202 178 120
81 34 20 22 198 104 48 162 126 110 14 36 98 174 108 62 94 64 122 214 70 90 204 100 82 152 72 102 60 54 144 26 196 150 112 118 44 134 10 172 80 136 92 158 170 46 124 12 220 142 148 186 106 24 138 178 66 194 50 58 208 216 192 86 166 68 226 96 38 164 84 190 30 76 16 210 128 218 130 176 40 182
97 60 76 70 138 210 182 184 140 2 58 82 144 148 94 6 114 208 44 46 158 154 64 172 16 26 216 176 98 14 112 146 108 214 206 142 198 192 42 134 34 212 92 106 116 200 18 126 72 180 168 226 28 128 4 50 156 190 120 196 78 10 164 38 224 52 122 130 222 62 188 174 218 124 100 150 40 160 36 166 118 220 54 32 8 22 102 110 86 1 56 48 104 202 96 170 88 90
70 176 40 122 64 6 1 8 78 202 100 26 28 150 216 50 68 88 42 208 14 200 184 172 206 66 2 210 104 106 12 30 194 4 112 130 148 62 154 20 110 76 160 72 126 82 22 38 120 220 182 226 140 56 74 16 190 146 44 152 192 142 204 198 166 108 188 116 132 54 94
18 30 204 160 180 72 130 4 108 140 174 116 120 206 26 84 64 126 104
63 224 1 156 88 112 118 196 124 158 100 170 14 40 66 190 140 90 80 150 24 20 26 142 122 4 34 12 136 92 6 106 130 198 22 50 138 146 222 120 78 36 72 152 212 64 110 16 162 168 30 174 188 86 164 70 206 62 226 166 180 210 42 216
19 142 68 110 164 190 136 30 114 14 44 60 186 184 138 10 204 4 76 172
53 92 68 18 34 156 222 96 46 58 134 180 24 14 218 136 114 104 122 8 52 178 192 124 4 198 202 38 128 106 190 56 90 64 118 158 148 176 186 116 214 22 32 160 168 170 210 212 42 78 12 76 74 220
33 52 64 40 200 162 32 38 56 190 108 146 142 120 168 180 134 212 160 170 16 154 172 106 222 2 22 214 184 4 206 112 46 18
98 88 156 218 76 8 154 216 220 90 40 194 122 174 54 140 138 188 52 98 86 104 48 66 198 200 26 120 172 152 144 204 196 32 68 136 162 150 12 1 116 226 168 146 128 78 70 166 142 16 112 190 206 158 124 176 2 160 222 6 10 56 18 180 164 28 224 114 202 100 110 182 42 96 34 148 14 214 20 208 184 44 30 106 38 118 84 64 60 24 62 50 46 22 210 170 212 134 74
92 142 220 42 64 180 184 202 118 136 4 30 52 68 110 186 208 10 86 50 24 226 138 158 174 70 84 58 108 12 66 140 170 112 1 104 54 150 210 8 116 182 2 62 212 222 128 98 40 20 88 36 26 132 126 124 190 194 76 144 16 148 22 56 200 14 134 100 120 172 156 80 154 44 188 196 218 96 204 168 106 74 18 60 46 166 164 122 146 6 224 160 32
81 192 226 16 30 28 18 84 214 196 40 24 126 218 110 86 116 128 200 34 172 160 98 94 138 170 12 112 108 2 38 222 166 72 162 188 210 148 44 26 208 186 42 152 140 156 90 216 142 168 224 52 100 174 104 80 1 204 66 176 178 136 124 78 50 106 158 4 56 92 74 36 6 132 46 194 32 182 114 22 134 202
94 24 142 1 208 20 220 6 108 92 154 74 190 144 84 42 104 50 76 86 182 72 174 62 118 158 110 196 78 124 184 102 148 170 116 64 210 60 106 34 36 12 134 206 126 218 202 152 212 162 224 112 14 166 10 156 226 216 176 180 150 200 48 122 192 32 130 160 46 80 88 204 70 26 128 198 136 2 186 40 56 98 222 90 94 44 194 188 28 8 172 140 66 16 68
84 212 146 168 16 48 166 154 24 60 100 162 164 114 144 194 126 178 188 158 4 132 186 74 118 110 52 80 68 38 42 140 104 200 148 206 202 156 92 50 214 94 192 78 220 120 36 66 98 222 96 128 58 112 172 142 170 122 196 20 32 62 184 40 224 72 6 208 182 160 174 2 86 56 84 138 1 54 210 34 30 124 136 18 106
95 20 86 222 218 122 210 200 182 48 110 2 28 170 162 74 196 154 84 22 76 92 36 6 190 126 88 168 64 8 50 124 176 202 60 186 156 158 166 70 128 212 214 174 14 30 102 172 24 188 192 68 106 98 54 194 10 114 16 46 108 104 134 94 216 90 100 38 138 26 56 148 152 220 180 96 116 208 52 120 40 160 178 58 204 34 130 226 18 184 44 118 150 146 66 4
74 204 174 78 220 128 188 180 86 116 24 124 70 10 164 134 42 80 122 136 74 54 2 148 192 154 46 104 56 44 64 106 138 176 38 146 208 12 110 200 112 196 156 60 100 214 58 34 130 178 194 98 26 140 66 14 144 166 168 202 132 30 18 22 222 72 198 224 190 162 62 28 48 118 50
18 130 226 212 116 20 6 220 104 8 14 16 108 94 136 178 84 54 210
86 208 110 122 82 160 182 106 158 100 90 184 74 20 108 132 96 170 188 224 142 150 76 222 126 8 52 6 88 144 72 186 40 58 218 104 112 102 24 166 152 22 210 64 202 164 192 38 216 36 56 214 124 146 140 46 18 92 116 118 14 172 190 66 80 136 26 44 156 2 194 168 154 120 94 174 176 50 212 1 162 54 12 206 84 42 70
89 136 40 194 66 34 12 144 78 52 92 44 114 208 108 202 76 222 38 174 32 64 212 148 90 88 16 142 118 72 216 86 160 96 98 68 74 6 14 170 162 138 62 94 166 100 116 224 124 2 10 206 70 172 198 158 200 22 28 30 218 20 176 106 184 134 102 84 42 8 156 186 128 226 130 50 214 110 120 104 122 196 18 178 82 180 154 54 150 58
18 20 170 92 122 98 198 174 12 94 16 182 192 220 22 44 162 172 112
97 214 134 122 170 138 188 202 98 166 224 90 2 84 152 220 82 114 56 16 198 146 156 110 14 72 104 106 100 128 174 130 74 116 112 180 94 154 58 92 140 222 46 226 24 212 158 96 150 10 68 182 66 210 218 160 184 148 54 196 36 136 164 194 88 200 28 70 206 190 120 108 44 8 102 124 162 64 26 208 78 22 186 50 142 176 118 62 12 42 1 18 40 34 168 20 132 204
85 92 64 40 80 172 184 108 164 58 198 26 8 140 162 32 2 114 206 12 180 210 130 66 82 142 120 150 170 74 144 158 178 136 226 28 56 200 94 72 122 10 4 84 112 182 188 96 134 212 18 88 62 48 194 214 160 166 76 30 138 54 190 168 46 196 148 14 204 208 42 116 124 156 146 68 154 6 90 1 202 216 220 20 44 218
92 14 88 216 164 70 210 32 26 194 148 118 68 1 166 120 176 106 18 138 42 144 202 8 72 50 38 30 108 220 204 226 96 12 100 34 142 140 66 102 158 128 44 178 46 4 76 82 62 28 6 48 56 152 60 112 214 22 218 2 190 110 222 174 172 104 150 92 224 200 64 84 184 146 212 78 36 24 192 160 124 114 90 94 134 98 116 182 196 180 168 198 130
100 60 150 226 194 160 30 58 32 120 134 16 110 86 44 70 24 206 22 190 36 158 68 132 176 128 38 218 64 196 80 114 84 172 144 130 40 164 162 202 26 2 34 174 170 208 222 212 92 204 166 4 106 126 142 214 138 20 6 66 98 78 96 56 148 94 136 220 112 124 102 1 116 184 72 152 88 146 192 74 18 10 42 200 216 90 46 12 8 198 52 50 182 118 224 178 62 180 108 76 156
39 202 40 106 150 138 212 196 180 176 190 140 168 152 2 116 130 18 226 72 166 158 56 52 124 62 6 96 132 178 204 224 218 128 146 172 70 214 112 26
24 78 144 176 216 224 50 82 28 116 172 156 204 134 166 10 94 70 42 170 212 136 18 102 92
99 34 118 130 136 128 148 206 100 92 144 82 198 30 126 80 194 158 14 154 108 26 166 216 122 188 152 190 32 28 36 164 186 12 104 218 22 98 120 76 208 70 184 102 140 72 96 220 42 4 114 50 134 162 132 196 2 224 168 56 156 24 226 52 6 88 90 176 86 116 94 16 146 214 20 138 54 142 10 84 204 192 210 38 212 182 106 200 160 60 110 170 58 48 18 40 178 202 66 78
68 32 16 26 104 22 214 190 34 28 176 48 178 132 212 58 110 146 94 50 114 4 76 188 2 24 166 126 108 226 218 18 66 12 164 142 70 40 98 38 136 130 192 208 156 74 54 168 62 112 210 46 224 134 124 64 116 78 118 128 72 86 172 68 154 106 180 222 10
89 78 216 16 200 154 138 8 42 68 198 58 92 132 72 66 62 70 96 116 82 36 26 206 192 188 218 114 144 50 120 110 86 166 214 184 208 212 84 172 38 22 194 12 24 182 20 100 102 174 170 176 60 118 180 210 190 4 204 56 160 186 146 54 14 152 90 32 164 88 104 40 124 178 76 222 106 126 18 80 98 28 1 202 226 142 30 150 162 94
98 226 62 120 106 68 8 64 210 148 122 1 142 180 192 202 70 40 144 100 26 128 84 42 92 10 136 196 82 114 146 116 86 96 78 220 72 112 58 98 176 38 184 74 182 198 30 174 22 16 160 6 208 50 18 188 216 178 222 94 158 28 170 172 36 80 34 156 150 90 54 52 132 20 104 102 214 154 110 24 206 2 60 118 32 212 166 4 162 194 124 14 204 200 168 218 224 138 12
53 24 100 142 180 218 58 224 190 6 148 216 174 78 44 162 126 166 140 130 112 34 176 28 76 146 120 188 54 108 84 50 170 56 80 86 96 32 16 114 212 62 136 10 200 106 14 158 172 214 118 192 2 204
81 68 210 34 194 64 48 14 168 6 70 44 84 148 22 156 208 82 104 174 164 1 220 204 116 170 124 180 182 50 106 96 102 120 30 62 196 186 56 86 200 184 162 202 16 130 150 188 122 214 42 92 224 10 190 118 80 136 132 216 20 28 178 2 78 98 46 144 94 24 112 40 76 4 54 58 176 128 146 140 154 126
1 100
83 196 110 1 36 54 178 8 198 24 44 150 120 68 62 106 174 140 2 22 42 40 66 156 136 210 180 116 96 148 208 226 80 184 224 202 14 162 74 132 200 92 52 20 220 6 28 114 88 102 64 192 72 130 188 34 128 50 160 118 124 98 18 86 82 10 134 158 122 168 206 204 56 212 112 166 142 190 138 78 46 172 90 16
78 128 192 132 122 156 24 224 14 68 40 130 34 216 158 22 172 194 176 148 2 44 8 84 214 110 26 202 88 72 150 226 218 78 92 208 106 186 210 66 152 32 118 108 18 178 4 50 212 222 168 174 20 16 220 114 56 54 142 120 126 100 134 64 154 36 112 6 28 12 204 42 80 198 94 86 162 190 184
88 106 122 120 154 224 12 84 168 98 132 10 178 134 214 128 118 196 156 204 28 116 202 42 72 20 212 26 44 176 148 30 58 124 172 32 40 66 194 16 152 164 226 112 206 210 18 82 170 144 222 180 94 62 192 220 76 60 52 110 218 96 64 86 136 182 24 174 108 74 130 88 208 158 80 6 146 150 22 90 114 1 48 166 36 186 142 162 50
65 144 44 102 76 30 66 134 166 12 208 4 60 124 182 198 100 8 96 162 220 174 52 136 206 6 50 212 108 104 18 192 180 62 202 160 148 168 58 186 112 48 88 170 188 204 190 138 126 216 92 210 120 24 224 118 140 14 34 46 184 152 32 128 82 10
31 18 190 132 68 10 6 26 126 154 214 2 160 106 226 210 48 32 50 76 1 30 222 112 146 14 94 28 184 80 104 134
32 30 1 198 158 8 218 68 134 174 16 190 202 82 42 44 14 102 22 150 186 124 74 86 126 116 88 94 26 90 208 84 204
93 104 76 60 120 18 2 100 176 150 172 6 50 198 56 130 88 84 204 126 22 52 94 114 30 26 166 148 178 220 36 14 158 134 146 226 152 222 12 4 106 20 164 40 68 194 16 156 136 38 74 92 86 46 200 62 154 210 214 188 78 64 132 182 186 170 162 96 44 174 140 108 34 128 8 110 184 28 208 122 118 216 206 138 102 54 98 66 32 160 224 116 82 112
98 218 56 118 72 124 146 196 136 94 148 36 60 162 54 204 144 114 80 222 34 6 116 16 108 98 186 4 2 1 38 30 102 194 134 174 220 76 84 180 208 70 88 156 166 86 106 90 126 164 158 22 68 138 140 160 44 66 182 130 82 122 198 96 46 48 214 168 142 184 176 216 112 50 42 18 24 150 40 52 8 110 104 128 212 154 172 120 64 78 14 200 26 188 170 100 190 226 28
5 178 140 98 80 70
34 172 154 138 18 80 46 76 84 70 162 220 36 198 98 30 122 178 24 62 116 56 146 34 200 136 28 22 186 210 48 96 86 224 226
89 56 180 216 64 44 150 96 2 88 78 116 140 42 92 102 76 84 220 168 184 108 206 46 120 18 164 132 62 90 130 186 162 80 226 104 50 182 32 136 8 148 190 36 106 82 202 22 124 28 188 200 54 196 70 146 210 134 10 16 110 152 112 192 94 118 178 72 24 52 58 128 68 14 176 212 138 86 12 174 158 48 160 222 156 214 98 126 4 170
93 54 32 106 14 224 226 26 68 150 140 42 120 116 104 218 160 108 214 72 34 142 30 216 40 158 200 122 146 206 2 50 6 52 192 128 78 186 4 58 130 210 88 10 154 168 208 64 156 134 162 86 148 188 182 118 24 94 176 36 202 56 102 222 114 190 138 220 144 96 70 1 46 170 20 98 166 196 174 178 132 12 110 180 92 60 124 112 172 164 48 38 212 204
93 2 10 102 32 170 148 72 112 104 38 184 96 158 196 24 66 60 176 100 56 200 46 42 134 48 114 168 172 142 92 182 154 214 192 108 6 86 132 136 190 68 206 12 126 226 138 4 30 62 64 124 162 118 208 34 28 36 150 120 212 130 50 140 74 188 40 194 128 90 80 204 1 144 198 202 88 76 156 20 70 54 186 18 82 218 26 216 116 110 152 52 78 84
32 226 28 52 20 30 130 116 214 150 170 38 138 222 6 182 86 106 90 46 202 210 102 120 54 154 192 162 84 110 8 220 112
33 202 220 78 194 164 40 114 184 4 160 126 116 188 76 6 20 142 30 50 150 48 172 134 156 2 38 170 166 186 144 26 62 72
73 100 54 60 88 2 142 108 50 40 188 22 134 34 186 124 86 102 56 168 144 30 48 32 140 104 58 80 132 84 220 180 166 148 146 96 46 126 92 174 192 214 202 42 176 122 206 120 136 70 16 208 128 130 160 204 12 182 64 184 68 98 218 106 112 158 6 90 222 178 162 196 164 138
78 112 104 38 24 8 158 176 116 60 150 18 122 66 168 208 86 78 14 50 220 162 98 206 32 6 202 130 84 22 172 154 156 1 132 186 88 170 102 212 218 2 226 184 152 198 82 70 138 90 44 166 174 144 210 100 34 64 30 120 56 140 214 134 118 224 142 4 40 20 92 96 36 68 188 106 62 10 222
73 12 110 212 126 60 8 224 24 1 146 96 122 188 202 108 164 178 92 2 226 100 106 72 198 86 30 76 52 154 144 58 40 186 4 174 112 80 206 6 166 158 214 182 64 138 150 194 192 70 88 142 48 120 66 22 190 208 16 46 168 160 136 132 222 114 134 26 180 28 148 42 20 56
82 66 142 22 40 164 14 160 98 88 146 140 42 60 182 6 144 208 38 226 24 2 48 18 50 68 198 58 136 78 10 150 86 84 16 204 56 190 90 154 212 104 128 156 132 130 138 116 54 174 224 158 206 52 80 162 214 64 1 166 44 112 4 168 188 192 210 222 72 184 36 114 108 120 124 180 170 100 218 148 216 134 196
74 150 54 56 144 128 138 184 46 44 166 206 72 126 32 162 92 14 132 102 80 110 204 34 58 100 208 60 140 152 154 4 96 104 192 158 202 74 190 194 112 116 24 26 212 108 52 142 38 30 168 18 164 1 76 124 200 122 174 224 222 176 118 22 226 186 106 172 2 198 220 42 86 10 90
94 78 176 128 114 120 218 88 178 98 102 44 80 72 216 22 190 10 36 198 214 224 106 130 4 154 204 84 188 90 70 174 66 40 126 24 122 46 12 148 222 58 212 8 158 6 140 112 20 192 226 68 16 108 26 144 116 34 156 62 150 56 48 74 142 210 134 208 14 138 60 50 180 146 76 194 172 42 160 220 86 136 162 100 28 124 184 104 200 202 2 32 110 52 1
2 70 172
75 152 134 70 80 186 28 138 18 12 100 130 46 210 176 158 168 172 146 144 1 224 34 40 108 82 156 92 192 136 66 140 52 8 86 64 118 76 196 170 62 208 110 74 116 90 14 84 26 150 60 148 212 10 122 22 120 216 126 78 72 190 4 178 142 44 198 162 30 88 154 160 20 166 218 50
80 98 72 92 104 132 142 212 20 120 108 190 26 160 36 206 32 166 16 184 186 204 198 218 58 216 178 8 150 90 76 56 162 82 38 50 88 94 154 112 202 110 116 80 196 152 4 30 68 66 40 156 214 172 226 10 128 124 222 224 118 96 164 194 146 136 24 126 2 170 192 62 200 34 180 22 174 18 54 60 148
9 138 46 158 100 126 208 54 86 80
84 172 188 144 86 28 226 6 72 96 192 152 124 40 134 80 74 52 82 164 32 158 150 176 78 194 168 14 56 166 92 140 154 186 36 102 110 62 106 60 42 66 58 148 16 126 208 214 204 94 118 30 132 216 122 116 70 88 160 1 156 206 128 46 20 220 64 90 198 50 26 38 200 184 10 190 12 18 108 114 136 142 22 4 180
97 118 192 6 56 94 64 174 162 158 138 212 20 184 114 120 92 8 142 14 180 130 40 62 164 128 2 208 22 170 1 152 198 110 36 52 132 84 222 146 166 218 140 104 206 16 82 172 150 26 108 100 10 54 112 78 48 186 136 224 42 30 96 202 68 44 72 12 194 182 4 226 98 134 220 200 144 38 32 106 76 190 34 154 102 188 178 58 176 46 126 216 124 66 88 50 74 214
17 38 188 56 114 102 116 16 96 174 82 6 92 100 190 166 28 64
74 130 136 216 28 54 48 206 4 80 96 154 118 192 16 198 64 114 204 76 218 210 24 90 122 88 226 102 72 168 50 222 134 42 84 22 120 178 208 104 106 194 36 14 66 196 108 44 220 180 2 52 78 156 60 26 34 8 152 100 174 98 162 146 110 1 170 18 200 62 124 68 148 94 190
79 54 182 140 106 226 84 36 172 6 58 70 46 76 130 120 118 50 86 210 38 146 126 40 44 104 168 170 200 62 148 122 100 28 82 152 66 34 116 8 212 22 102 220 4 112 1 184 16 222 164 190 160 64 92 68 180 188 72 216 128 154 224 94 78 90 32 14 110 74 10 194 144 218 30 178 56 202 192 2
102 208 178 18 156 176 32 144 78 50 6 200 84 184 202 204 222 38 100 68 46 190 116 4 102 120 44 226 160 134 118 8 216 58 148 196 52 64 138 16 54 98 186 194 94 2 210 180 1 66 90 182 124 92 162 74 26 158 142 30 170 96 36 126 220 174 130 206 56 168 114 106 86 104 60 10 214 150 132 146 112 22 20 164 12 166 88 14 218 188 110 224 48 80 136 128 212 154 70 40 152 76 72
75 208 170 50 22 150 204 158 130 186 48 112 10 202 144 98 104 26 190 16 66 222 200 88 108 176 166 212 92 140 100 52 90 8 122 162 178 6 78 216 40 128 138 114 196 70 46 42 60 118 94 54 188 4 174 194 134 72 1 132 168 214 74 38 226 76 160 224 12 180 182 84 34 24 30 142
96 78 202 120 124 26 98 114 182 22 64 20 176 154 216 180 52 34 224 30 6 208 108 138 166 146 174 54 48 112 126 116 190 44 220 1 56 36 18 158 94 142 172 92 140 62 128 60 132 148 90 134 4 100 80 110 156 136 96 188 222 226 8 160 40 86 16 72 46 10 104 178 82 68 122 212 162 12 24 144 50 38 186 118 88 84 164 102 218 152 184 14 2 210 66 204 196
40 116 58 54 136 220 146 158 196 118 212 126 60 38 112 130 162 100 56 156 2 80 114 4 70 96 78 106 98 154 188 110 186 50 144 150 46 170 160 138 172
87 8 156 104 102 126 100 144 114 210 124 132 46 134 108 190 152 150 112 66 26 38 76 194 88 184 204 198 30 32 68 98 92 18 6 140 214 24 78 2 14 158 82 206 216 20 36 34 174 54 164 94 180 62 182 208 48 22 178 116 16 154 70 168 170 72 44 172 52 56 226 40 148 224 96 196 218 58 12 110 186 202 42 130 86 146 142 212
66 152 50 164 126 116 1 132 78 12 66 42 122 46 118 52 100 92 148 198 220 110 26 10 2 188 76 178 212 32 204 82 224 98 62 74 22 138 150 36 208 4 206 154 170 146 200 184 176 134 44 124 214 186 16 24 68 180 108 90 166 58 94 196 120 102 194
34 108 206 42 182 96 158 122 18 140 216 12 132 152 102 208 142 178 130 66 218 196 106 160 78 110 144 88 54 126 58 86 44 148 10
94 204 226 92 166 94 74 76 198 196 50 62 186 26 90 4 40 188 162 168 32 46 200 218 160 60 96 176 134 116 224 1 216 110 24 202 100 10 154 148 6 28 178 146 18 222 82 164 122 170 136 120 48 184 56 16 102 174 12 22 78 80 98 138 126 152 144 20 156 38 8 118 54 124 36 180 72 212 66 2 192 30 114 130 210 52 214 34 86 158 64 104 194 106 206
44 52 56 54 154 222 12 158 104 144 180 210 156 162 136 208 48 102 84 88 170 146 126 80 30 142 226 70 46 72 32 28 198 164 110 172 202 178 42 40 224 122 10 176 152
99 84 138 98 8 216 72 156 106 48 162 118 152 64 60 132 42 126 128 182 208 160 158 210 184 198 194 200 172 96 146 196 186 24 164 168 130 26 170 166 110 188 40 104 70 120 34 218 102 6 16 116 66 114 178 18 148 76 4 88 22 68 86 100 174 12 222 52 112 202 82 54 74 204 190 124 1 214 212 56 92 62 38 142 144 46 14 58 206 2 28 122 176 154 140 136 94 108 30 226
70 78 130 126 36 32 96 66 184 192 182 92 90 34 110 178 162 196 56 42 158 202 18 24 134 224 116 20 124 106 8 172 128 98 216 114 6 60 188 76 142 74 94 168 190 150 112 222 132 204 52 22 194 28 40 50 186 136 100 46 38 12 4 62 140 200 64 48 160 82 26
93 120 154 110 22 56 166 14 86 182 24 98 194 28 204 50 126 128 216 104 156 18 102 40 20 210 152 188 116 2 12 138 186 172 134 178 58 174 74 46 16 64 224 148 88 168 76 212 184 124 170 34 114 144 100 160 70 158 196 112 78 54 162 132 68 10 200 118 38 94 192 208 30 60 142 32 220 66 90 106 202 6 206 122 36 48 80 4 72 52 44 222 96 176
96 158 178 24 168 68 148 22 54 104 162 124 56 190 144 2 146 30 164 36 12 150 26 208 10 210 74 62 114 156 78 214 194 70 96 42 138 116 92 118 52 98 20 186 170 88 14 166 8 32 188 86 28 180 82 136 226 202 60 212 38 94 182 76 110 176 174 200 40 126 1 196 58 216 120 172 102 50 192 90 108 34 222 106 18 220 80 66 224 218 142 132 134 16 160 206 204
97 28 166 8 212 176 110 74 48 214 140 216 54 24 162 122 188 16 128 4 220 190 132 134 90 112 2 88 18 168 126 50 66 198 12 196 204 64 46 76 32 182 100 104 84 108 192 174 44 130 158 148 170 96 34 152 124 14 160 30 114 172 78 102 138 60 156 6 72 184 42 136 202 40 154 10 200 144 106 98 206 186 52 142 226 68 20 210 194 82 164 208 150 118 92 80 116 56
58 12 64 104 218 98 36 58 160 202 78 24 126 200 32 186 76 20 56 112 212 178 16 80 142 220 106 174 222 146 110 72 138 2 156 1 68 30 208 60 48 40 38 92 194 28 152 102 210 184 134 226 124 46 140 70 214 116 100
81 222 16 196 164 114 60 74 174 78 138 146 4 126 140 48 82 218 194 212 10 22 178 58 180 112 192 34 216 184 108 6 120 208 90 28 62 128 200 98 204 130 224 70 226 132 116 122 88 158 24 136 214 44 162 26 142 52 168 2 148 206 54 12 66 220 186 92 56 38 40 84 86 18 46 160 144 150 1 100 188 14
99 168 52 78 4 22 64 196 150 156 82 200 144 130 134 202 160 80 204 152 46 120 60 122 116 44 112 70 176 206 28 166 170 220 194 226 126 216 8 92 140 192 110 142 118 88 84 14 186 174 36 12 40 164 16 76 96 138 30 114 190 98 58 182 136 146 210 48 154 104 214 24 54 188 10 162 108 208 222 158 128 38 26 56 180 72 1 212 20 148 18 124 42 218 32 74 86 172 62 198
25 224 202 176 102 212 190 92 166 56 120 90 112 172 110 2 168 182 84 46 128 60 16 54 34 24
21 160 108 44 186 152 168 112 62 180 88 10 220 12 28 30 18 124 158 118 8 60
83 10 56 42 150 120 90 216 194 64 60 24 160 210 2 170 14 104 158 66 102 154 22 70 198 4 168 156 196 28 152 142 206 114 110 34 8 130 72 92 46 182 58 186 218 128 192 1 40 16 84 134 106 178 166 20 78 224 44 190 222 98 212 88 164 174 68 6 184 112 50 162 136 108 26 124 146 82 118 126 96 80 94 144
92 196 188 62 56 72 106 48 144 88 116 178 194 138 64 82 40 30 54 38 52 154 162 78 130 208 1 34 156 22 32 8 212 2 28 96 204 104 120 100 42 86 182 50 118 218 24 160 180 170 168 76 176 202 60 224 66 84 74 12 134 16 4 20 222 98 220 36 114 108 172 102 80 198 190 216 58 210 146 26 128 174 132 164 14 124 166 136 18 46 158 122 152
43 156 170 20 4 52 32 204 140 58 16 110 126 208 178 184 172 40 188 22 176 192 200 86 56 108 162 112 136 96 6 182 194 72 114 8 128 130 220 206 66 216 146 138
79 94 182 114 104 112 72 148 1 4 188 208 10 176 140 96 70 102 150 66 174 130 146 90 86 154 196 166 80 56 44 178 132 100 184 158 216 24 20 36 116 14 124 204 212 224 172 32 122 8 168 152 222 74 108 118 160 138 64 46 38 210 12 126 164 76 52 226 28 180 48 202 2 26 42 92 34 98 120 186
95 204 102 76 114 148 168 56 62 146 222 156 54 86 166 212 88 186 220 38 12 188 74 210 184 152 1 172 50 82 46 70 202 182 4 194 136 198 60 196 214 14 34 130 140 68 180 150 96 2 200 6 66 40 208 142 64 112 218 190 84 36 132 52 72 16 30 80 8 158 58 20 92 216 90 42 164 126 116 18 44 144 118 134 224 162 192 120 122 206 24 110 48 28 94 124
37 22 104 152 46 68 18 206 70 184 198 100 140 146 20 138 4 174 178 148 54 30 224 82 214 156 170 168 218 130 160 6 16 222 94 194 80 60
72 42 94 208 220 92 226 14 156 198 100 206 180 86 16 222 36 146 154 18 90 72 22 68 120 202 24 148 132 38 70 142 160 210 204 182 188 110 162 52 122 172 10 168 1 88 102 108 4 190 174 50 32 126 12 130 224 84 80 26 152 82 60 114 140 6 128 176 64 78 124 200 20
33 116 100 16 184 204 180 216 68 102 4 24 30 1 44 174 18 54 136 194 154 118 38 126 208 36 150 14 188 128 224 80 70 12
53 212 104 136 190 84 36 74 44 110 38 12 54 138 208 196 62 66 118 218 18 134 112 46 26 200 70 214 64 144 226 20 68 124 220 122 128 170 142 130 16 116 86 198 176 22 1 4 80 2 76 90 8 60
17 226 168 188 26 78 88 130 224 36 162 152 44 120 6 2 220 202
80 76 96 124 2 38 150 184 212 196 14 126 90 84 32 222 136 118 190 86 66 154 58 4 166 224 220 140 46 206 170 200 10 92 216 80 208 8 70 172 176 68 152 160 164 62 100 192 112 186 12 122 78 182 214 144 54 194 50 52 162 168 48 114 148 156 26 18 180 42 34 88 202 36 120 74 1 24 108 188 94
25 78 40 116 16 194 10 30 62 216 52 156 170 42 212 172 136 196 134 190 198 82 178 182 64 112
14 56 128 92 6 16 94 172 2 132 40 150 100 102 126
95 170 226 2 224 64 24 10 52 200 134 204 96 14 92 94 112 18 16 6 172 148 1 186 58 126 120 28 132 122 180 192 144 182 76 86 68 168 152 140 40 12 176 48 56 42 188 106 130 162 160 8 166 84 206 190 194 4 20 138 32 118 210 30 82 158 174 142 44 62 164 34 208 26 110 102 198 128 36 108 98 184 50 38 54 154 216 202 196 114 116 70 60 90 136 66
26 86 208 194 52 20 16 146 10 118 90 158 56 144 206 162 226 88 18 32 42 72 84 26 60 92 192
76 38 130 104 150 188 144 170 216 30 174 74 220 20 16 142 212 82 152 202 214 70 134 204 90 40 68 78 54 84 178 120 164 32 126 196 128 88 218 186 4 72 198 12 98 146 118 100 52 86 184 206 26 176 226 14 46 2 224 112 124 36 34 138 222 162 108 156 24 6 158 148 8 28 110 58 48
41 72 226 214 202 180 26 4 144 148 164 142 176 120 48 186 68 22 88 18 122 124 210 220 132 64 66 182 40 50 38 34 90 74 110 150 96 178 138 100 6 82
12 118 218 106 22 100 146 226 178 82 112 28 102
94 222 216 164 208 74 64 194 72 44 14 42 168 146 116 102 58 192 90 198 212 204 4 54 218 180 76 32 70 224 226 24 114 174 110 26 6 68 202 94 80 126 40 106 98 150 162 142 22 178 1 190 50 82 170 136 130 186 66 52 152 100 8 134 48 16 12 60 182 154 10 158 92 124 2 20 144 62 160 28 156 138 36 132 140 56 128 84 86 34 214 172 200 112 176
54 42 194 132 186 224 84 196 160 190 70 138 212 148 98 68 36 74 64 4 174 204 16 66 38 72 168 142 206 48 22 200 28 124 14 120 20 24 144 176 34 46 6 162 104 226 1 152 54 114 112 58 166 118 146
91 150 218 22 196 148 10 48 80 82 136 4 18 30 128 118 166 220 64 32 132 226 224 94 86 180 88 96 174 138 108 28 186 198 46 20 192 222 8 60 158 106 114 212 1 162 154 206 178 24 26 160 188 144 202 170 214 6 146 44 104 184 140 100 208 176 12 56 200 194 152 66 84 38 124 182 216 126 130 42 164 34 54 134 52 204 50 190 110 76 172 72
100 80 74 164 110 134 4 92 182 52 104 208 220 70 162 30 168 20 72 126 102 142 88 172 196 100 124 160 166 114 60 82 174 58 226 32 154 206 192 216 198 6 94 178 158 28 210 38 186 78 212 190 76 184 96 22 24 224 50 132 16 128 194 68 18 84 1 108 218 8 54 180 176 120 34 106 10 26 64 156 90 152 2 62 214 188 36 66 12 148 150 14 112 170 48 146 130 42 140 144 138
91 46 174 14 124 16 142 182 132 156 54 136 56 78 144 146 64 166 10 154 40 80 204 210 94 178 24 74 198 82 220 130 104 8 170 36 128 180 30 216 176 134 184 70 20 226 32 200 86 66 160 48 158 62 222 76 26 112 42 102 106 68 110 6 2 186 58 34 4 72 92 114 196 22 98 218 50 148 162 152 208 84 214 168 90 194 100 224 18 202 138 172
87 196 18 82 28 160 218 126 132 220 44 26 194 92 150 142 146 58 4 22 96 76 186 164 162 120 72 144 66 188 200 14 30 56 74 60 54 178 52 10 214 104 100 128 202 84 174 158 154 34 108 118 90 88 86 184 124 20 16 112 48 156 206 1 110 208 130 2 80 138 222 40 12 152 98 8 176 134 180 114 216 224 140 148 182 42 136 24
68 182 100 24 82 220 8 126 122 172 20 32 70 208 196 118 200 54 78 184 204 74 94 42 180 106 186 1 88 174 222 144 92 164 6 120 194 214 114 64 80 210 112 156 136 178 46 160 198 22 218 68 18 60 134 26 130 50 176 202 34 14 28 76 132 110 108 72 12
77 122 60 52 100 94 32 104 26 64 180 162 90 150 144 214 134 12 62 80 8 178 30 206 210 170 22 78 200 84 148 174 46 1 136 226 110 14 216 98 172 120 40 192 72 112 24 58 132 114 176 204 212 54 66 158 108 166 168 184 20 86 138 222 126 164 156 128 92 130 16 48 220 218 202 152 124 88
74 118 32 176 204 106 136 84 122 8 146 174 10 34 132 120 138 218 14 92 214 210 100 1 160 66 194 102 90 166 154 56 150 186 196 4 208 202 6 44 180 104 182 80 96 30 168 26 2 78 28 38 178 88 124 86 98 52 40 190 24 18 94 142 222 68 62 110 144 200 134 140 130 74 20
88 202 34 204 80 142 4 126 92 32 220 200 188 40 218 180 182 16 76 30 36 196 192 186 132 64 90 104 62 82 54 68 20 172 18 52 50 114 136 134 156 206 214 150 168 24 174 116 98 164 66 102 70 146 60 2 128 208 198 10 108 184 162 216 224 138 56 124 212 48 22 154 86 112 1 44 26 158 28 118 178 176 226 88 190 122 42 100 8
42 224 162 36 20 34 168 188 6 110 104 178 166 148 80 196 212 202 184 30 190 150 140 76 198 210 204 134 200 86 22 68 160 106 26 72 216 24 32 132 170 114 102
86 122 166 216 60 42 150 148 144 146 156 14 22 76 100 172 210 128 116 134 182 16 188 124 192 224 32 2 222 102 120 208 70 194 30 176 54 12 98 66 46 138 132 154 160 178 202 82 78 96 8 74 206 136 162 170 44 204 142 34 226 184 186 62 88 94 10 158 18 218 168 86 50 20 220 68 106 114 36 212 196 198 38 56 90 130 4
56 104 26 1 54 194 226 118 108 218 192 12 168 172 178 206 202 196 154 138 102 124 46 106 136 152 44 190 36 34 62 224 66 222 126 24 70 48 74 18 216 120 32 58 142 128 180 162 210 96 132 72 148 110 170 174 22
86 188 78 216 8 176 52 138 116 144 202 46 66 84 114 18 106 166 136 134 118 218 64 184 182 152 54 32 208 130 170 194 112 88 110 154 62 180 190 80 4 56 96 40 224 128 6 122 206 42 12 124 16 178 92 38 24 104 20 142 164 94 76 220 186 214 168 26 222 200 48 158 126 196 198 36 74 210 1 2 30 108 172 204 192 70 226
90 158 20 178 210 188 130 6 122 136 176 36 10 204 150 16 170 114 194 52 216 30 148 28 82 68 72 226 160 196 146 152 222 128 124 76 140 14 40 214 200 134 84 8 218 156 90 120 62 2 104 116 202 44 86 110 172 108 102 192 164 112 154 138 80 58 96 66 12 50 22 198 208 126 144 74 78 34 142 70 212 32 118 174 26 38 106 162 56 166 1
45 30 90 172 130 120 104 128 32 118 138 72 210 40 78 166 196 194 50 12 158 52 218 62 54 98 64 146 226 18 48 214 86 28 16 80 124 200 46 164 150 206 84 34 6 92
92 94 98 182 104 222 86 158 210 200 26 150 102 32 70 90 176 76 190 68 154 170 198 22 156 80 226 142 168 138 108 130 166 6 148 144 132 184 44 202 16 2 4 220 186 140 128 174 218 194 60 196 64 36 18 118 120 192 136 106 116 52 112 162 216 224 66 78 88 24 178 172 72 46 56 62 204 54 114 28 188 212 164 214 160 146 1 84 74 110 58 34 10
99 200 160 144 66 150 122 124 132 82 136 152 156 1 46 20 50 102 8 62 158 104 2 178 190 48 180 92 222 196 130 68 22 148 24 88 32 54 204 184 52 224 80 140 194 86 220 146 36 110 72 112 212 164 100 214 98 142 128 126 116 58 60 16 218 38 170 114 34 226 162 44 10 120 198 118 28 78 108 166 96 154 168 202 12 210 174 188 208 40 42 84 4 74 64 94 14 134 172 90
63 126 18 74 36 210 42 98 58 24 206 226 180 38 1 150 100 96 94 128 200 106 218 112 148 196 20 174 92 140 186 212 198 146 62 64 90 70 220 208 2 118 188 44 78 172 108 192 144 76 84 68 202 154 4 14 56 22 32 34 102 142 80 120
93 96 140 132 34 152 86 70 44 210 76 68 148 38 120 4 18 204 62 92 12 212 192 52 170 28 56 182 176 118 22 180 58 136 166 54 90 172 162 200 30 40 184 188 124 42 142 110 128 226 104 88 16 80 72 8 134 10 214 48 116 98 224 126 24 154 218 186 26 158 74 78 222 174 50 6 164 100 112 1 216 122 130 2 194 198 156 160 46 84 150 14 32 202
71 150 166 34 220 152 92 50 24 32 120 80 20 110 154 56 176 208 104 132 84 30 94 116 206 156 52 180 1 10 100 216 108 122 140 4 172 54 78 118 214 174 144 16 2 60 98 188 178 196 102 82 198 36 142 26 136 22 204 224 40 186 14 114 90 74 222 146 38 148 6 202
92 208 14 108 4 200 56 134 60 222 106 82 1 70 98 94 226 178 180 154 170 158 144 176 32 146 50 192 34 22 188 102 16 160 58 12 174 190 74 124 28 40 120 42 184 100 122 164 110 92 148 96 150 62 216 198 72 64 8 210 168 182 118 224 136 44 78 26 212 18 186 38 204 46 84 90 196 54 214 172 156 194 152 114 88 66 162 104 10 52 206 68 48
80 64 104 224 144 210 164 172 182 92 220 146 28 168 32 212 14 194 78 46 94 132 198 56 82 150 80 216 122 1 68 74 96 142 184 208 116 128 148 98 176 156 88 44 214 200 26 106 50 84 124 76 166 126 186 10 22 40 38 18 70 52 36 158 100 58 66 136 72 154 226 20 120 16 218 152 114 134 30 118 48
27 152 72 102 200 128 62 1 60 22 192 182 180 84 46 48 40 162 12 68 210 106 32 178 190 30 110 74
52 66 134 40 220 50 186 204 212 78 210 28 156 112 140 136 114 174 184 118 108 120 84 216 88 34 176 98 70 24 26 132 130 18 180 170 72 6 94 52 214 42 160 164 128 152 218 80 192 166 82 200 90
66 100 110 204 166 184 58 148 90 202 126 92 198 212 78 22 174 190 96 164 64 208 82 60 152 162 30 192 106 18 146 214 32 210 158 118 62 138 16 12 156 80 20 6 128 88 114 218 1 194 220 122 44 206 144 28 10 14 38 222 188 172 124 178 54 68 196
76 72 108 206 180 136 176 4 78 64 102 226 142 118 58 192 170 42 60 130 100 32 138 124 186 8 182 36 146 210 114 208 156 112 16 160 86 140 126 204 62 224 194 158 52 70 90 1 218 190 2 120 174 82 134 20 84 26 220 148 122 10 164 202 98 106 18 88 76 104 34 184 56 22 162 212 198
73 142 44 178 14 28 184 132 1 134 92 158 20 38 152 80 144 156 86 2 204 114 174 4 110 210 60 68 18 74 166 138 64 126 50 136 56 128 22 6 170 62 48 46 88 120 202 8 172 76 164 194 32 190 206 162 98 182 168 192 160 220 54 226 58 214 12 208 198 96 66 10 52 212
51 32 120 122 18 88 224 210 190 126 38 134 72 64 40 184 1 34 116 192 60 186 174 36 214 98 152 218 196 84 168 6 170 180 188 124 112 52 158 102 70 74 16 14 82 222 200 12 96 22 156 62
100 132 148 34 130 110 160 30 62 6 224 162 196 100 216 16 206 1 46 156 164 182 190 142 204 42 168 28 210 72 218 74 138 146 158 86 80 10 200 2 92 180 170 56 58 222 220 94 126 22 188 52 144 118 178 214 88 124 32 226 18 8 54 12 98 208 70 120 68 26 184 174 194 20 104 102 14 112 38 76 166 176 66 90 212 114 192 150 122 24 64 60 78 50 172 40 154 36 96 198 84
63 88 130 158 142 128 152 140 168 160 38 40 44 62 208 186 114 134 216 52 30 172 122 154 212 144 10 78 106 76 178 92 36 138 28 8 170 48 20 16 34 90 112 104 176 116 32 110 166 50 58 70 6 102 18 204 54 190 156 22 200 198 184 150
94 96 146 6 216 122 66 184 182 132 188 56 186 220 120 106 86 150 200 90 94 224 98 104 62 204 16 100 76 70 198 46 136 158 180 1 124 160 72 212 40 210 22 64 114 8 128 32 92 30 34 214 218 48 148 222 42 196 152 126 2 14 80 162 164 166 156 110 68 174 82 192 102 134 194 144 20 176 50 58 172 78 84 190 118 88 112 12 36 170 206 226 116 154 74
97 214 102 80 26 166 110 40 206 16 200 176 114 52 136 188 98 36 96 60 78 10 1 216 100 68 120 116 174 38 4 154 124 140 2 112 90 160 14 198 20 30 178 32 106 28 190 42 24 152 208 62 122 164 34 88 126 196 142 82 220 128 66 8 224 184 130 94 18 148 92 172 46 104 194 182 226 72 202 138 218 146 158 168 156 170 74 210 54 70 76 192 134 44 204 108 12 6
47 184 108 62 222 58 44 50 12 72 38 186 74 166 68 152 210 150 114 106 120 18 144 172 148 190 202 84 126 48 212 80 92 136 192 162 176 82 96 116 54 36 98 30 154 196 24 182
85 138 64 120 150 160 96 102 100 180 184 128 178 194 72 168 36 60 2 58 200 44 182 94 140 38 84 34 218 22 88 122 196 26 214 12 198 176 66 80 158 136 70 28 132 8 82 126 156 10 48 42 142 110 148 86 202 112 130 1 98 172 204 210 134 108 224 174 208 116 166 92 14 154 54 62 46 40 78 90 30 170 188 106 4 32
36 146 162 112 102 98 86 220 44 140 16 84 66 164 168 206 182 6 30 72 120 1 226 134 32 42 148 96 12 100 216 202 224 82 142 198 174
80 48 206 192 88 148 124 74 18 16 22 210 140 194 20 196 108 180 174 112 106 220 122 114 128 76 168 90 138 8 160 78 226 94 126 208 40 104 30 58 56 2 54 110 36 12 216 224 38 4 118 144 86 134 52 214 178 182 6 64 130 158 136 150 172 166 26 46 14 82 164 96 32 142 102 186 218 184 156 146 188
97 118 138 20 226 42 80 106 126 186 78 92 94 210 202 200 110 184 32 142 192 30 174 66 154 196 28 176 84 76 168 44 188 1 64 34 214 54 180 100 156 114 220 24 86 178 108 18 146 130 152 46 12 140 10 38 98 144 212 50 148 52 112 14 198 60 26 72 120 58 150 134 122 82 190 16 8 116 136 206 128 204 88 62 102 224 96 164 162 22 124 48 40 104 218 2 182 158
11 166 144 46 196 10 178 60 174 124 58 224
73 1 88 142 84 182 94 40 184 198 90 226 214 50 180 74 216 210 222 162 96 42 6 10 18 166 134 64 114 80 24 68 140 154 194 204 36 178 168 28 2 78 48 152 172 130 202 106 150 30 34 104 208 156 212 110 8 176 100 192 186 44 136 72 188 126 190 122 20 118 200 128 218 54
62 60 162 44 104 10 120 138 90 224 12 30 16 196 172 38 24 214 182 4 218 8 62 142 66 18 78 42 56 22 154 108 112 124 72 94 88 174 184 164 20 132 204 156 70 170 136 116 76 100 126 46 190 50 74 180 186 82 144 106 110 92 222
91 142 74 208 60 128 132 76 8 218 166 16 2 182 80 70 138 202 120 216 30 18 126 32 154 172 6 188 116 112 110 194 108 86 140 160 164 68 170 198 130 82 106 96 48 10 40 192 220 46 100 146 174 190 84 210 102 118 158 122 206 94 12 66 104 62 22 54 226 36 56 92 224 58 186 34 90 26 4 212 200 98 44 184 78 144 162 28 24 150 114 42
70 42 24 54 122 208 214 222 68 200 100 6 218 130 152 172 210 206 186 10 226 162 132 20 178 94 34 140 224 146 114 202 86 70 26 144 118 66 56 120 150 74 1 166 64 184 44 204 88 110 170 18 92 112 48 30 134 168 126 128 148 50 174 28 156 52 14 60 80 90 194
79 16 168 152 196 68 40 178 4 22 180 150 32 2 166 56 1 70 118 202 122 80 108 24 12 132 142 130 208 46 174 76 90 74 124 18 64 78 140 34 170 8 204 50 226 158 212 20 184 126 224 60 188 116 100 162 102 82 44 186 114 120 112 106 84 164 28 144 86 54 58 182 26 194 134 36 14 216 92 222
57 180 88 76 12 212 220 216 98 46 120 164 176 146 50 198 42 44 108 204 188 82 28 26 148 100 60 56 32 24 130 90 170 154 192 116 30 94 110 124 52 96 184 118 84 144 16 64 104 102 2 172 214 10 166 106 128 226
100 176 208 64 100 4 156 168 154 8 70 114 212 84 88 16 188 162 164 38 66 172 132 122 126 28 112 46 74 18 50 214 80 94 170 200 182 58 146 138 22 124 42 62 40 198 150 174 30 78 96 186 54 90 194 202 1 192 120 102 52 48 142 60 144 12 130 128 160 220 178 6 56 110 2 44 166 190 76 148 106 180 206 72 86 20 196 68 136 10 184 224 34 216 140 152 226 36 218 32 24
87 64 208 40 44 98 130 124 38 92 226 182 88 28 194 32 218 16 22 112 90 156 1 118 52 216 72 30 114 18 110 94 70 34 148 74 134 42 220 212 106 166 202 176 116 78 198 26 56 190 206 180 10 100 146 96 186 142 160 104 50 196 12 210 36 120 152 132 82 8 136 192 140 128 174 102 204 6 46 2 224 20 62 184 108 4 48 222
96 78 214 114 120 142 104 110 96 134 108 172 74 38 86 160 34 176 162 122 222 70 204 94 1 32 16 154 212 76 206 30 6 40 60 52 72 62 82 12 220 90 98 18 106 146 166 102 140 118 184 174 28 100 144 150 88 46 202 186 216 130 20 68 42 200 192 66 10 36 156 4 188 178 164 56 26 24 196 190 224 180 126 48 2 138 8 44 170 124 210 22 50 132 182 58 158
75 192 222 94 190 168 142 132 214 172 50 212 80 158 184 106 224 74 32 204 108 102 78 210 62 2 178 226 22 76 134 156 64 6 98 4 160 100 216 60 14 92 118 220 70 180 202 40 114 122 56 162 30 128 28 198 112 150 120 96 124 58 138 110 218 164 84 104 48 126 136 36 194 38 174 130
1 28
92 166 156 36 98 34 66 198 76 226 50 2 1 56 146 158 134 192 102 68 110 86 178 52 180 208 170 176 16 104 160 216 108 144 80 42 154 128 12 152 196 222 38 6 84 24 44 184 46 126 194 90 30 116 70 138 82 148 40 136 172 204 114 164 190 78 18 74 60 62 220 142 186 140 132 64 162 10 188 174 92 88 22 202 212 54 122 130 112 150 20 182 206
80 26 80 28 216 102 124 132 214 74 162 36 156 128 160 120 118 178 66 54 204 114 148 186 144 84 110 40 42 86 88 10 70 1 72 62 48 224 192 56 206 152 16 166 174 50 22 2 196 64 4 190 76 210 106 172 188 154 60 150 194 198 46 218 90 142 226 202 94 200 158 122 108 104 138 98 82 38 44 58 222
16 84 216 40 16 148 174 80 134 86 8 60 164 102 38 98 132
69 56 102 44 190 34 52 152 154 96 212 104 148 138 216 146 198 142 94 130 172 176 58 180 40 8 12 60 36 174 82 132 72 144 158 112 164 224 1 140 42 184 150 114 74 128 54 134 32 206 116 214 28 14 88 30 160 168 46 26 4 202 162 92 16 226 66 50 156 186
72 114 150 50 164 2 168 58 124 60 184 130 64 24 66 42 154 196 48 220 214 174 176 92 82 146 98 120 84 182 212 14 36 226 20 108 102 4 28 162 110 138 200 180 30 100 224 6 76 74 132 96 1 134 118 112 80 166 54 38 106 206 70 136 56 192 140 142 194 216 46 158 44
89 58 16 152 184 4 114 56 162 186 42 198 132 178 168 66 96 72 86 160 122 226 194 28 202 92 192 104 84 174 142 98 108 208 210 102 34 124 158 220 176 172 52 218 206 2 54 76 62 138 204 44 64 106 22 68 1 200 116 146 140 100 94 154 10 14 70 78 130 80 88 38 196 224 30 144 128 20 120 36 148 48 46 216 40 180 82 6 166 222
26 26 96 124 204 128 160 82 148 1 150 158 164 120 84 6 52 58 220 24 98 106 4 218 38 208 134
86 42 48 22 226 30 4 190 74 16 46 146 120 140 186 26 214 204 160 102 96 112 62 202 130 84 154 182 108 124 36 162 14 82 2 126 174 136 80 198 70 86 156 164 66 188 114 138 210 152 40 128 78 180 178 224 150 212 24 142 176 94 32 218 98 50 38 58 200 106 110 44 194 92 56 216 34 72 68 118 148 172 222 192 158 20 18
87 120 74 72 22 208 76 108 50 42 142 2 8 10 148 68 118 56 30 156 90 28 18 62 122 116 160 64 220 106 150 164 180 214 192 20 174 226 88 212 4 126 206 16 154 60 12 104 82 216 100 58 222 94 130 128 1 86 158 46 162 224 172 70 26 14 52 54 218 204 170 98 110 202 66 182 138 36 92 168 152 146 184 48 96 140 84 112
29 104 4 102 224 174 88 208 58 70 56 160 196 122 156 2 18 162 152 66 138 16 172 134 106 98 68 1 206 38
64 96 26 124 10 56 22 28 78 172 196 18 112 150 110 70 60 156 90 216 158 54 66 202 92 194 160 138 32 210 130 14 2 82 148 224 48 208 88 74 52 212 42 200 102 38 134 162 64 122 116 30 46 100 164 176 108 188 8 184 16 168 44 144 222
1 26
27 162 26 8 166 150 12 212 92 160 40 76 16 102 86 144 170 62 50 198 108 32 112 120 182 220 116 106
84 92 198 16 124 146 152 134 74 166 132 46 70 76 150 10 108 138 20 30 122 2 154 72 88 112 212 224 164 118 210 158 202 214 184 106 58 22 42 186 56 194 40 100 78 168 172 176 216 104 64 192 130 84 54 98 114 96 6 190 80 174 206 126 110 38 1 148 222 66 116 208 140 60 82 18 204 196 50 14 128 170 94 68 226
61 2 10 124 42 218 214 120 172 80 58 222 92 74 110 138 116 210 192 66 178 202 26 100 148 142 64 188 160 82 216 198 128 28 88 98 206 38 34 68 24 126 52 106 196 40 170 18 72 156 90 6 186 174 32 166 162 204 4 22 56 180
2 196 192
84 8 180 174 162 14 26 200 2 110 102 206 114 128 108 24 212 198 160 42 226 62 54 216 210 48 142 186 182 178 46 122 202 72 44 194 124 88 64 82 78 70 152 176 138 188 1 4 144 92 38 60 118 190 166 90 158 58 68 204 16 6 222 224 94 172 148 80 20 140 220 96 10 170 112 218 150 32 120 74 84 100 12 136 50
89 140 28 186 16 34 214 50 36 122 94 130 206 200 68 72 126 42 138 184 26 84 86 152 156 136 114 78 30 212 144 188 170 208 48 52 218 198 224 172 146 66 24 148 62 98 2 164 14 176 162 12 100 4 18 90 202 160 192 1 132 92 194 44 106 110 180 134 74 196 112 150 76 168 46 142 178 128 70 8 60 22 38 104 116 20 226 118 182 108
80 56 110 40 88 202 182 144 196 154 140 36 222 32 18 4 164 212 98 44 50 142 70 76 200 30 220 84 42 208 172 130 48 92 22 206 152 62 204 224 190 134 20 12 162 16 168 194 104 180 86 148 214 1 94 34 78 68 156 108 90 170 122 128 114 10 100 74 124 72 146 28 14 2 46 116 210 138 188 118 166
1 92
95 144 168 118 186 58 156 60 218 110 72 34 22 80 48 18 192 178 164 222 170 16 128 112 64 160 20 200 12 224 190 198 68 74 52 14 100 122 126 84 158 8 208 172 142 148 24 82 70 136 4 44 196 114 194 2 174 104 182 94 108 204 78 90 92 132 96 120 140 50 216 180 210 62 212 98 40 226 56 32 152 36 106 30 176 134 116 76 124 184 206 162 46 26 86 38
38 154 216 168 204 218 128 130 76 40 144 190 108 98 110 200 208 96 192 68 44 226 156 54 152 34 30 56 100 28 50 198 8 212 124 148 120 48 26
5 6 2 224 42 1
102 90 24 124 116 68 78 28 2 140 86 32 98 192 134 156 106 66 222 96 10 206 144 38 170 44 168 182 194 200 108 130 180 52 30 204 102 92 136 152 166 50 164 174 202 8 162 172 22 104 62 36 154 20 210 218 196 150 126 58 88 4 16 48 64 224 146 40 158 74 220 46 198 142 14 188 132 26 42 138 118 56 72 1 190 82 212 160 226 54 18 34 110 122 186 84 184 94 60 214 208 120 114
87 208 8 154 18 24 220 102 138 16 128 198 178 152 166 68 78 210 160 162 44 34 52 204 70 86 142 74 38 66 226 42 140 200 92 224 96 206 88 12 80 150 54 20 4 136 120 180 202 72 26 182 64 158 122 62 132 58 116 2 156 216 172 46 36 30 6 22 146 188 50 114 56 76 98 186 32 134 212 94 130 176 190 82 112 174 144 84
39 174 198 128 204 188 24 56 92 162 158 116 140 100 152 72 10 186 90 124 190 106 172 98 50 60 176 216 148 108 224 206 214 102 218 210 112 1 118 202
97 48 178 54 74 98 6 22 40 56 36 158 20 82 222 138 42 10 92 214 84 170 106 68 86 146 144 112 80 132 38 130 50 102 72 26 224 200 118 196 96 116 204 1 128 24 44 206 126 16 166 184 32 172 220 120 18 58 64 136 164 142 90 104 114 124 94 176 76 154 66 78 192 226 168 88 150 60 202 182 218 140 46 212 108 174 208 198 70 190 110 34 188 52 134 2 148 122
79 64 114 44 110 194 48 138 104 86 198 54 196 50 192 56 180 120 62 26 116 16 8 84 32 102 170 184 126 212 186 182 226 78 20 158 92 156 132 36 214 224 60 10 34 220 190 4 204 42 18 140 136 98 6 148 172 70 88 52 68 122 28 206 82 162 118 178 100 164 152 108 124 128 188 200 154 146 46 176
94 110 190 102 206 98 108 146 96 134 26 58 112 106 168 18 6 180 114 128 200 172 90 28 220 138 92 170 1 20 208 46 162 78 156 86 182 24 56 144 204 212 184 64 216 84 100 140 48 94 62 88 160 8 70 214 148 50 14 2 10 224 226 42 44 118 54 202 150 76 36 166 34 186 210 80 126 198 66 30 52 188 154 104 120 222 174 68 152 164 192 16 116 176 40
76 122 70 22 132 1 36 168 176 88 60 198 214 140 152 92 100 190 10 42 32 66 14 202 138 182 224 20 194 8 180 162 50 86 58 104 76 30 2 126 192 148 222 68 46 4 170 174 34 112 118 186 130 38 188 72 150 124 40 48 206 160 178 26 106 128 82 56 200 24 164 196 84 80 12 90 54
87 2 38 106 200 30 34 154 170 150 194 6 138 80 102 134 70 28 36 110 20 114 122 78 214 178 180 160 148 204 46 44 188 8 130 48 140 12 226 24 172 32 162 190 98 222 4 212 176 54 128 126 26 174 168 18 72 166 144 68 96 132 88 16 208 192 86 156 142 52 224 158 14 42 182 112 218 82 92 66 118 120 22 76 202 50 116 152
96 16 20 74 76 152 134 220 116 8 58 12 188 138 44 40 86 172 26 84 36 130 218 100 62 96 214 68 180 224 136 212 80 176 174 64 118 206 10 146 166 6 92 132 122 216 54 78 104 158 82 30 22 154 108 150 128 38 66 106 94 4 1 14 18 60 56 162 24 198 28 222 88 192 46 142 184 2 50 70 194 90 72 168 210 98 110 140 120 190 170 126 156 34 32 160 124
19 160 38 130 168 192 68 54 158 114 26 60 32 166 8 212 76 2 74 172
10 50 166 70 222 42 220 146 160 92 76
66 156 124 54 6 120 98 34 50 18 174 130 94 142 180 38 68 218 164 80 214 62 20 86 182 92 8 176 150 212 46 40 126 56 116 2 134 32 16 198 190 158 52 168 100 48 84 10 88 146 26 110 76 12 118 132 42 154 128 24 170 108 74 30 210 78 140
85 148 80 6 14 72 12 96 36 166 212 50 196 116 170 2 164 92 192 178 208 114 198 26 210 74 126 134 122 16 20 56 44 108 150 224 38 88 34 90 184 216 100 176 24 200 140 190 130 136 220 168 94 158 156 138 186 162 202 58 226 152 52 76 60 8 40 118 206 174 120 102 66 132 30 48 218 204 54 64 28 222 172 32 124 182
36 172 170 186 120 104 26 126 16 130 174 46 156 154 50 184 92 42 30 86 142 162 68 96 214 112 192 116 34 226 188 28 212 18 82 6 134
98 42 18 130 58 118 164 98 168 190 156 174 84 218 186 20 32 152 110 136 4 50 120 184 146 206 66 150 106 204 22 182 178 64 28 46 126 192 132 100 112 54 24 116 172 198 8 166 10 122 142 30 88 80 212 180 68 162 140 52 76 26 74 124 214 222 176 62 158 138 36 60 200 16 144 82 104 86 128 114 92 220 12 160 102 154 196 90 56 44 108 1 48 170 40 216 224 194 96
22 184 216 4 104 98 32 186 50 132 190 152 148 108 118 124 40 46 176 48 144 158 198
74 82 218 100 30 110 208 180 10 84 88 128 190 204 120 26 206 40 34 86 184 224 8 116 122 104 48 226 202 36 78 186 96 56 148 66 46 136 162 22 200 168 114 178 38 126 42 130 152 1 44 154 170 54 214 220 18 134 132 112 24 138 98 14 182 188 72 192 174 94 28 80 160 68 144
81 18 176 182 4 144 10 72 156 76 92 218 94 154 136 192 64 122 202 204 96 216 34 164 118 1 130 170 128 100 138 102 8 88 124 224 104 56 16 162 142 84 132 114 120 70 106 36 220 86 58 6 80 26 190 40 20 60 212 78 180 178 140 22 2 184 44 148 12 62 82 24 166 226 206 200 52 98 194 186 54 32
83 90 2 14 210 128 164 190 156 58 194 36 220 196 54 66 150 20 134 120 176 142 192 188 202 122 94 130 12 64 108 158 52 112 216 22 172 152 224 144 182 72 4 18 96 100 160 56 82 1 170 110 26 180 118 8 16 88 48 198 6 222 84 62 138 98 34 104 226 78 200 184 166 106 42 70 218 212 116 136 28 24 86 140
59 162 124 70 80 50 64 128 114 138 166 106 158 34 66 174 172 120 26 212 110 28 96 144 150 40 56 136 72 190 214 112 98 68 16 92 198 164 132 156 78 60 220 224 94 108 126 54 188 226 6 146 182 186 46 168 44 86 194 52
93 16 88 124 24 220 160 46 102 70 146 154 86 52 120 110 126 128 214 132 168 150 142 200 64 152 106 100 198 116 188 176 98 206 218 164 184 62 22 172 28 60 202 182 204 12 144 222 190 196 44 114 76 156 186 2 38 194 18 48 30 212 94 208 40 166 82 78 42 96 10 148 224 72 192 138 4 216 50 14 26 6 56 1 34 226 32 180 162 130 84 122 134 92
95 210 198 136 90 74 128 144 84 216 44 4 52 32 34 16 28 30 192 190 38 158 12 2 138 160 56 106 164 46 116 178 18 208 174 70 148 96 220 152 184 200 64 130 108 168 202 126 112 146 154 142 218 22 118 172 80 206 48 26 100 132 110 62 162 150 98 196 24 214 6 72 134 170 10 8 54 60 176 42 94 188 182 166 104 222 66 124 82 140 92 204 50 36 58 76
2 52 84
95 120 66 56 64 124 106 164 140 194 24 136 134 198 170 32 28 210 94 72 206 154 166 118 18 100 112 98 182 30 54 22 218 6 150 1 14 116 36 108 132 178 224 20 80 226 38 70 50 114 42 122 172 168 204 152 104 208 68 58 142 92 74 174 128 60 34 126 82 26 130 8 144 2 220 196 110 222 84 188 88 184 90 162 62 78 46 158 146 138 180 160 192 200 102 86
94 16 26 128 84 208 110 166 120 4 136 78 118 190 22 76 12 146 222 90 2 224 82 72 142 154 8 14 50 64 6 24 108 204 126 168 62 164 30 226 52 114 42 174 176 92 214 170 196 68 156 66 46 206 200 48 116 182 178 160 172 124 218 10 112 180 192 32 54 102 134 44 130 1 38 106 152 188 20 56 194 70 148 58 158 140 88 98 202 184 86 18 40 144 96
9 92 112 60 48 70 196 218 164 148
40 220 182 164 16 76 138 102 86 64 58 170 62 80 184 1 120 88 142 24 226 202 98 100 196 26 20 124 146 158 68 34 214 198 192 156 106 50 216 180 42
91 200 108 94 44 158 132 204 160 178 152 180 58 66 186 1 84 166 146 130 120 4 124 52 20 92 98 78 34 190 70 46 104 38 224 72 128 12 114 168 24 148 74 122 102 174 194 222 86 96 210 106 26 126 136 188 60 192 18 62 2 8 30 32 134 50 112 142 154 100 196 14 22 40 184 116 6 226 176 156 118 68 64 170 202 42 150 28 216 76 138 56
53 28 86 106 102 72 48 172 182 156 14 112 206 76 88 222 126 74 30 188 174 118 22 166 108 20 130 62 2 210 98 26 142 52 226 6 44 34 194 184 124 122 204 180 168 116 132 208 178 50 8 84 90 24
16 100 26 76 174 120 56 102 144 224 80 204 184 142 122 126 62
39 158 4 170 28 88 18 196 78 12 208 42 132 134 52 166 64 224 124 68 114 118 202 138 60 212 172 76 20 48 22 104 186 142 130 80 96 140 1 24
38 156 32 88 40 182 30 204 34 130 66 166 106 134 224 126 62 36 170 58 18 208 150 52 142 196 164 154 148 72 86 16 152 96 226 90 220 22 162
92 16 52 8 202 58 34 40 84 220 100 210 10 18 194 204 142 14 224 118 222 182 122 90 132 124 174 72 196 22 168 160 88 30 32 130 2 50 20 134 140 126 66 86 192 114 216 144 172 76 162 152 54 64 150 200 96 156 74 188 26 136 92 48 154 226 82 214 12 158 116 42 206 138 176 108 80 170 4 1 112 62 180 178 146 94 166 104 60 148 24 70 68
93 172 222 186 184 4 88 164 194 190 158 70 94 112 180 154 166 62 138 182 110 16 174 8 1 134 204 30 160 60 108 12 118 120 126 124 140 106 104 132 196 76 198 176 90 92 26 96 214 86 102 74 206 116 114 218 212 46 136 64 226 68 6 56 100 50 192 22 148 122 10 2 42 36 130 220 84 142 80 210 146 28 162 98 128 200 54 188 144 156 18 216 24 34
101 60 108 66 186 56 46 110 164 222 104 20 128 54 42 194 4 114 52 162 122 158 172 192 220 36 84 12 198 152 78 14 86 100 124 6 74 94 34 202 148 196 188 150 140 64 40 18 146 170 26 98 224 106 144 80 142 168 62 16 132 190 70 28 116 180 154 44 206 184 226 130 8 1 126 96 2 208 58 166 216 178 92 156 204 38 112 10 68 22 212 136 160 88 24 182 76 134 48 50 138 90
55 172 142 146 30 126 218 1 136 198 194 180 222 124 52 84 56 174 38 90 48 220 80 106 132 76 158 104 2 190 212 20 182 62 60 26 58 130 162 202 50 184 164 32 206 192 12 92 156 24 108 40 170 224 200 98
7 6 56 154 204 94 166 120
0.0086 0.00153 0.00638 0.00652 0.00139 0.00777 0.00361 0.000277 0.00402 0.00902 0.00818 0.00555 0.00624 0.000416 0.0061 0.00402 0.00624 0.00555 0.00832 0.000139 0.00749 0.00222 0.00402 0.00291 0.00749 0.00846 0.00472 0.00222 0.00166 0.00458 0.0061 0.00444 0.00527 0.0086 0.0086 0.00499 0.00472 0.00277 0.00818 0.00874 0.00805 0.00125 0.000971 0.00416 0.00777 0.00388 0.00569 0.00166 0.0061 0.0068 0.00624 0.000139 0.00499 0.00818 0.00458 0.00125 0.00874 0.00388 0.00347 0.00402 0.0068 0.00846 0.00111 0.00388 0.00139 0.0025 0.000139 0.00458 0.00527 0.0061 0.00666 0.00236 0.00139 0.00749 0.0043 0.00388 0.00458 0.00111 0.00721 0.000139 0.000694 0.0018 0.000277 0.00666 0.00527 0.00763 0.00111 0.00444 0.000139 0.00805 0.00458 0.00361 0.00388 0.00791 0.00555 0.00638 0.00735 0.000277 0.00541 0.000832 0.00153 0.000694 0.00444 0.000694 0.00361 0.00832 0.00153 0.00818 0.00277 0.000416 0.00208 0.00277 0.0018 0.00222 0.000416 0.000277 0.00624 0.00818 0.00319 0.00458 0.00333 0.00583 0.00388 0.000139 0.00125 0.00194 0.00749 0.00458 0.00555 0.00818 0.00166 0.00166 0.00805 0.00153 0.00153 0.00402 0.000555 0.000694 0.0043 0.0086 0.00735 0.0043 0.00361 0.000555 0.0025 0.000555 0.00388 0.00236 0.000139 0.00472 0.00818 0.000832 0.00153 0.00402 0.00721 0.00735 0.00846 0.00222 0.00111 0.00375 0.00305 0.000694 0.00375 0.00416 0.00277 0.0018 0.00513 0.000139 0.00166 0.00596 0.00805 0.00208 0.00499 0.00375 0.00499 0.00763 0.00208 0.00153 0.00527 0.00638 0.00791 0.00458 0.00333 0.00513 0.00499 0.000971 0.00638 0.00416 0.0043 0.00874 0.00596 0.00153 0.00749 0.00666 0.00666 0.00735 0.00499 0.00472 0.0068 0.00333 0.00416 0.00499 0.00902 0.00222 0.00652 0.00444 0.00763 0.00264 0.00513 0.00777 0.00805 0.00888 0.000161 0.00472 0.00388 0.00791 0.00166 0.00902 0.00444 0.00694 0.00638 0.00777 0.00763 0.00361 0.00541 0.00277